train_data_accuracy: 0.961923847695
test_data_accuracy: 0.796780684105
